<!DOCTYPE html>
<html lang="en">
<head>
 <meta charset="UTF-8">
 <meta http-equiv="X-UA-Compatible" content="IE=edge">
 <meta name="viewport" content="width=device-width, initial-scale=1.0">
 <link rel="stylesheet" href="style.css">
 <title>Document</title>
 <script src="https://cdnjs.cloudflare.com/ajax/libs/gsap/3.9.1/gsap.min.js"></script>
 <script src="https://cdnjs.cloudflare.com/ajax/libs/svg.js/3.1.2/svg.min.js" integrity="sha512-I+rKw3hArzZIHzrkdELbKqrXfkSvw/h0lW/GgB8FThaBVz2e5ZUlSW8kY8v3q6wq37eybIwyufkEZxe4qSlGcg==" crossorigin="anonymous" referrerpolicy="no-referrer"></script>
</head>

<body>
 <div id="flower">
  <svg class="blobby" viewBox="0 0 800 600" xmlns="http://www.w3.org/2000/svg" preserveAspectRatio="xMaxYMin"> 
 
    <!-- center -->
    <svg viewBox="0 0 1000 1000" xmlns="http://www.w3.org/2000/svg" >
     <path id="center" transform="translate(500, 500) scale(0.6)" fill="#ff0000" d="M49,-36.9C56.7,-29.4,51.5,-9.4,47.7,12.4C44,34.3,41.7,58.1,27.4,70C13.1,81.9,-13.2,81.9,-26.7,69.9C-40.1,57.8,-40.8,33.6,-46.5,10.2C-52.2,-13.3,-63,-36,-56,-43.4C-49.1,-50.7,-24.6,-42.6,-2,-41.1C20.7,-39.5,41.3,-44.5,49,-36.9Z" transform="translate(100 100)">
      <animate dur="3s" repeatCount="indefinite" attributeName="d" 
      values="M49,-36.9C56.7,-29.4,51.5,-9.4,47.7,12.4C44,34.3,41.7,58.1,27.4,70C13.1,81.9,-13.2,81.9,-26.7,69.9C-40.1,57.8,-40.8,33.6,-46.5,10.2C-52.2,-13.3,-63,-36,-56,-43.4C-49.1,-50.7,-24.6,-42.6,-2,-41.1C20.7,-39.5,41.3,-44.5,49,-36.9Z;M54.4,-43.2C65.9,-28.9,67.4,-6.6,62.8,14.6C58.1,35.7,47.3,55.6,29.3,66.5C11.3,77.3,-13.8,79.1,-34.6,69.8C-55.3,60.6,-71.7,40.3,-76,18.3C-80.3,-3.8,-72.5,-27.7,-57.8,-42.7C-43.2,-57.7,-21.6,-63.8,-0.1,-63.7C21.4,-63.6,42.9,-57.5,54.4,-43.2Z;M49,-36.9C56.7,-29.4,51.5,-9.4,47.7,12.4C44,34.3,41.7,58.1,27.4,70C13.1,81.9,-13.2,81.9,-26.7,69.9C-40.1,57.8,-40.8,33.6,-46.5,10.2C-52.2,-13.3,-63,-36,-56,-43.4C-49.1,-50.7,-24.6,-42.6,-2,-41.1C20.7,-39.5,41.3,-44.5,49,-36.9Z" />
      </path>
    </svg>

    <!-- clockwise - 11hr position -->
    <svg viewBox="0 0 1000 1000"  xmlns="http://www.w3.org/2000/svg" >
      <path id="101" transform="translate(410, 460) rotate(-45) scale(0.6)" fill="#f6f6f6">
       <animate dur="6s" repeatCount="indefinite" attributeName="d" 
       values="M58.6,-19.4C67.3,7.9,59.9,40.1,38.4,56.6C17,73.1,-18.6,73.8,-39.5,57.8C-60.4,41.8,-66.6,9.1,-57.5,-18.6C-48.5,-46.3,-24.3,-69,0.3,-69.1C24.9,-69.2,49.8,-46.8,58.6,-19.4Z
       ;M25.2,-10.5C27.4,-1.4,20.3,8.4,6,22.1C-8.3,35.8,-29.9,53.3,-41.6,47.2C-53.4,41,-55.3,11.2,-46.8,-6.6C-38.2,-24.5,-19.1,-30.4,-3.8,-29.1C11.5,-27.9,23,-19.5,25.2,-10.5Z
       ;M58.6,-19.4C67.3,7.9,59.9,40.1,38.4,56.6C17,73.1,-18.6,73.8,-39.5,57.8C-60.4,41.8,-66.6,9.1,-57.5,-18.6C-48.5,-46.3,-24.3,-69,0.3,-69.1C24.9,-69.2,49.8,-46.8,58.6,-19.4Z" />
       </path>
     </svg>
 
    <svg viewBox="0 0 1000 1000" xmlns="http://www.w3.org/2000/svg">
     <path id="102" transform="translate(500, 390) rotate(120)  scale(0.6)" fill="#e6e6e6">
      <animate dur="6s" repeatCount="indefinite" attributeName="d" 
      values="M52.7,-64C67.3,-50.5,77.6,-33,79.6,-15C81.6,3,75.4,21.4,65,35.9C54.7,50.3,40.3,60.7,24.1,66.8C8,72.9,-9.9,74.7,-27.6,70.6C-45.3,66.4,-62.7,56.4,-72.6,41.1C-82.5,25.8,-84.7,5.2,-80.4,-13.3C-76.1,-31.8,-65.2,-48.3,-50.7,-61.8C-36.2,-75.4,-18.1,-86,0.4,-86.6C19,-87.1,38,-77.5,52.7,-64Z
      ;M37.3,-53.5C39.8,-42.3,27.5,-22.5,21.3,-10.7C15.1,1.1,15.1,4.9,16.3,15.6C17.5,26.3,19.9,43.8,14.6,50C9.3,56.3,-3.7,51.2,-10.9,42.9C-18,34.7,-19.3,23.3,-32,12.9C-44.7,2.4,-68.9,-7,-71.8,-16.5C-74.7,-26.1,-56.5,-35.8,-41,-44.7C-25.5,-53.6,-12.7,-61.7,2.3,-64.5C17.4,-67.3,34.8,-64.7,37.3,-53.5Z
      ;M52.7,-64C67.3,-50.5,77.6,-33,79.6,-15C81.6,3,75.4,21.4,65,35.9C54.7,50.3,40.3,60.7,24.1,66.8C8,72.9,-9.9,74.7,-27.6,70.6C-45.3,66.4,-62.7,56.4,-72.6,41.1C-82.5,25.8,-84.7,5.2,-80.4,-13.3C-76.1,-31.8,-65.2,-48.3,-50.7,-61.8C-36.2,-75.4,-18.1,-86,0.4,-86.6C19,-87.1,38,-77.5,52.7,-64Z" />
      </path>
    </svg>

     <svg viewBox="0 0 1000 1000" xmlns="http://www.w3.org/2000/svg" >
      <path id="103" transform="translate(600, 450) rotate(180)  scale(0.6)" fill="#f3f3f3">
       <animate dur="6s" repeatCount="indefinite" attributeName="d" 
       values="M62.2,-51C75.4,-33.1,77.3,-7.5,71.7,16.2C66.2,39.9,53.2,61.8,32.8,73.7C12.4,85.7,-15.4,87.7,-34.7,76.7C-54,65.6,-64.9,41.4,-68.7,17.7C-72.6,-6.1,-69.4,-29.5,-56.8,-47.3C-44.2,-65.1,-22.1,-77.4,1.2,-78.3C24.5,-79.3,49,-68.9,62.2,-51Z
       ;M46.5,-35.3C53.1,-28.9,46.2,-9.9,41.4,8.7C36.5,27.3,33.7,45.7,25,48.6C16.3,51.6,1.8,39.1,-16.8,31.4C-35.3,23.8,-57.9,21.1,-64.2,10C-70.4,-1.1,-60.4,-20.6,-46.9,-28.6C-33.5,-36.6,-16.8,-33,1.6,-34.3C20,-35.6,40,-41.7,46.5,-35.3Z
       ;M62.2,-51C75.4,-33.1,77.3,-7.5,71.7,16.2C66.2,39.9,53.2,61.8,32.8,73.7C12.4,85.7,-15.4,87.7,-34.7,76.7C-54,65.6,-64.9,41.4,-68.7,17.7C-72.6,-6.1,-69.4,-29.5,-56.8,-47.3C-44.2,-65.1,-22.1,-77.4,1.2,-78.3C24.5,-79.3,49,-68.9,62.2,-51Z"/>
      </path>
     </svg>

     <svg viewBox="0 0 1000 1000" xmlns="http://www.w3.org/2000/svg">
      <path id="104" fill="#f1f1f1" transform="translate(600 560) scale(0.6)">
        <animate dur="6s" repeatCount="indefinite" attributeName="d"
        values="M57.5,-57.3C72.2,-42.9,80,-21.4,78.2,-1.8C76.5,17.9,65.1,35.9,50.5,50.8C35.9,65.7,17.9,77.6,-1.6,79.2C-21.1,80.8,-42.2,72.1,-58.6,57.2C-74.9,42.2,-86.5,21.1,-85.8,0.7C-85.2,-19.8,-72.2,-39.5,-55.9,-54C-39.5,-68.4,-19.8,-77.5,0.8,-78.4C21.4,-79.2,42.9,-71.8,57.5,-57.3Z
        ;M23.6,-22.4C33.2,-14,45.3,-7,50,4.7C54.7,16.4,51.9,32.8,42.3,37.1C32.8,41.4,16.4,33.7,3.8,29.9C-8.9,26.2,-17.7,26.4,-33.5,22.1C-49.4,17.7,-72.1,8.9,-75.8,-3.6C-79.4,-16.2,-64,-32.3,-48.1,-40.7C-32.3,-49,-16.2,-49.5,-4.6,-44.9C7,-40.4,14,-30.7,23.6,-22.4Z
        ;M57.5,-57.3C72.2,-42.9,80,-21.4,78.2,-1.8C76.5,17.9,65.1,35.9,50.5,50.8C35.9,65.7,17.9,77.6,-1.6,79.2C-21.1,80.8,-42.2,72.1,-58.6,57.2C-74.9,42.2,-86.5,21.1,-85.8,0.7C-85.2,-19.8,-72.2,-39.5,-55.9,-54C-39.5,-68.4,-19.8,-77.5,0.8,-78.4C21.4,-79.2,42.9,-71.8,57.5,-57.3Z" />
      </path>
    </svg>

    <svg viewBox="0 0 1000 1000" xmlns="http://www.w3.org/2000/svg">
      <path id="105" transform="translate(510, 635) rotate(120) scale(0.6)" fill="#e8e8e8">
       <animate dur="6s" repeatCount="indefinite" attributeName="d" 
       values="M52.7,-64C67.3,-50.5,77.6,-33,79.6,-15C81.6,3,75.4,21.4,65,35.9C54.7,50.3,40.3,60.7,24.1,66.8C8,72.9,-9.9,74.7,-27.6,70.6C-45.3,66.4,-62.7,56.4,-72.6,41.1C-82.5,25.8,-84.7,5.2,-80.4,-13.3C-76.1,-31.8,-65.2,-48.3,-50.7,-61.8C-36.2,-75.4,-18.1,-86,0.4,-86.6C19,-87.1,38,-77.5,52.7,-64Z
       ;M37.3,-53.5C39.8,-42.3,27.5,-22.5,21.3,-10.7C15.1,1.1,15.1,4.9,16.3,15.6C17.5,26.3,19.9,43.8,14.6,50C9.3,56.3,-3.7,51.2,-10.9,42.9C-18,34.7,-19.3,23.3,-32,12.9C-44.7,2.4,-68.9,-7,-71.8,-16.5C-74.7,-26.1,-56.5,-35.8,-41,-44.7C-25.5,-53.6,-12.7,-61.7,2.3,-64.5C17.4,-67.3,34.8,-64.7,37.3,-53.5Z
       ;M52.7,-64C67.3,-50.5,77.6,-33,79.6,-15C81.6,3,75.4,21.4,65,35.9C54.7,50.3,40.3,60.7,24.1,66.8C8,72.9,-9.9,74.7,-27.6,70.6C-45.3,66.4,-62.7,56.4,-72.6,41.1C-82.5,25.8,-84.7,5.2,-80.4,-13.3C-76.1,-31.8,-65.2,-48.3,-50.7,-61.8C-36.2,-75.4,-18.1,-86,0.4,-86.6C19,-87.1,38,-77.5,52.7,-64Z" />
       </path>
     </svg>
      
    <svg viewBox="0 0 1000 1000" xmlns="http://www.w3.org/2000/svg" >
      <path id="106" transform="translate(420, 575) rotate(15) scale(0.6)" fill="#f0f0f0">
      <animate dur="6s" repeatCount="indefinite" attributeName="d" 
      values="M58.9,-17.9C68,9.1,61.5,42.3,40.5,58.1C19.5,74,-15.9,72.3,-40.6,54.6C-65.3,37,-79.2,3.3,-70.7,-22.7C-62.1,-48.8,-31.1,-67.4,-3.1,-66.4C24.9,-65.4,49.7,-44.8,58.9,-17.9Z
      ;M23,-13.8C26.7,3.9,24.5,17.3,12,29.4C-0.6,41.6,-23.3,52.5,-38,43.9C-52.6,35.2,-59.1,7,-51.4,-16.2C-43.7,-39.5,-21.8,-57.6,-6.1,-55.6C9.7,-53.7,19.3,-31.5,23,-13.8Z
      ;M58.9,-17.9C68,9.1,61.5,42.3,40.5,58.1C19.5,74,-15.9,72.3,-40.6,54.6C-65.3,37,-79.2,3.3,-70.7,-22.7C-62.1,-48.8,-31.1,-67.4,-3.1,-66.4C24.9,-65.4,49.7,-44.8,58.9,-17.9Z"/>
      </path>
    </svg>

    <!-- 2nd ring -->

    <!-- 2-1 copy of 204 7 vertex -->
    <svg viewBox="0 0 1000 1000" xmlns="http://www.w3.org/2000/svg" >
      <path transform="translate(380, 340) rotate(-120) scale(0.8)" fill="#b9b9b9">
        <animate dur="5.5s" repeatCount="indefinite" attributeName="d"
        values="M43.9,-55.5C55.1,-42.9,61.3,-27.4,66.7,-9.8C72.1,7.7,76.7,27.3,69.5,40.4C62.3,53.5,43.3,60.1,25.9,62.8C8.6,65.4,-7.2,64.1,-23.3,60C-39.5,55.9,-56.1,48.9,-68.4,35.6C-80.7,22.3,-88.6,2.6,-86.2,-15.9C-83.8,-34.5,-71,-51.9,-54.9,-63.7C-38.8,-75.4,-19.4,-81.4,-1.5,-79.6C16.3,-77.7,32.7,-68,43.9,-55.5Z
        ;M49.8,-54.9C59,-51.7,57.1,-30.7,53.3,-15C49.4,0.8,43.6,11.3,36.6,19.1C29.7,26.8,21.5,31.8,14.2,31C6.9,30.1,0.4,23.4,-4.5,18.8C-9.5,14.2,-12.9,11.8,-17.9,8C-22.9,4.1,-29.7,-1.1,-35.7,-13.1C-41.7,-25.1,-47,-43.7,-40.9,-47.5C-34.9,-51.3,-17.4,-40.3,1.4,-42C20.3,-43.7,40.6,-58.2,49.8,-54.9Z
        ;M36,-47.2C46.9,-33.7,56.2,-22.6,63,-7.6C69.8,7.4,74.1,26.3,66.2,36.6C58.3,46.8,38.2,48.3,20.1,54.6C1.9,61,-14.2,72.3,-31.3,72.1C-48.3,71.9,-66.3,60.3,-69.2,44.9C-72.1,29.6,-60,10.6,-50.7,-3.2C-41.5,-17,-35.1,-25.6,-27.1,-39.6C-19.2,-53.6,-9.6,-72.9,1.5,-74.7C12.5,-76.4,25,-60.6,36,-47.2Z
        ;M32,-33.2C45.1,-27,62.1,-20.5,71.8,-6.6C81.5,7.3,84,28.6,76.4,46.2C68.7,63.9,51.1,77.9,34,77C16.8,76.2,0.3,60.5,-19,53.1C-38.3,45.7,-60.2,46.6,-72.6,36.4C-85,26.3,-87.8,5.2,-80.2,-10C-72.6,-25.2,-54.5,-34.3,-39.4,-40.2C-24.3,-46,-12.2,-48.6,-1.4,-46.9C9.4,-45.3,18.8,-39.4,32,-33.2Z
        ;M43.9,-55.5C55.1,-42.9,61.3,-27.4,66.7,-9.8C72.1,7.7,76.7,27.3,69.5,40.4C62.3,53.5,43.3,60.1,25.9,62.8C8.6,65.4,-7.2,64.1,-23.3,60C-39.5,55.9,-56.1,48.9,-68.4,35.6C-80.7,22.3,-88.6,2.6,-86.2,-15.9C-83.8,-34.5,-71,-51.9,-54.9,-63.7C-38.8,-75.4,-19.4,-81.4,-1.5,-79.6C16.3,-77.7,32.7,-68,43.9,-55.5Z
        " />
      </path>
    </svg>

    <!-- 2-2  -->
    <svg viewBox="0 0 1000 1000" xmlns="http://www.w3.org/2000/svg" >
      <path transform="translate(640, 315) rotate(60) scale(0.9)" fill="#b1b1b1">
        <animate dur="5.5s" repeatCount="indefinite" attributeName="d"
        values="M48.6,-66.1C59.9,-58.6,64.1,-40.4,64.7,-24.4C65.4,-8.3,62.4,5.5,59.1,20.3C55.8,35,52,50.7,42.1,60.5C32.2,70.3,16.1,74.2,0.1,74.1C-15.9,74,-31.8,69.8,-44.3,60.9C-56.8,51.9,-65.8,38.1,-72,22.6C-78.2,7,-81.6,-10.3,-77.7,-26.1C-73.8,-41.9,-62.5,-56.2,-48.3,-62.8C-34.2,-69.4,-17.1,-68.3,0.8,-69.3C18.6,-70.4,37.2,-73.6,48.6,-66.1Z
        ;M25.2,-33.9C40.5,-23.5,66.4,-26.7,68,-22C69.7,-17.3,47.3,-4.6,40.8,12.6C34.3,29.9,43.9,51.7,39.7,62C35.6,72.3,17.8,71.1,5.3,63.9C-7.3,56.7,-14.6,43.4,-28.3,36.2C-42,29,-62.1,27.8,-62.2,21.6C-62.2,15.4,-42.3,4.1,-33.6,-7.3C-24.9,-18.6,-27.4,-29.9,-23.7,-44.1C-20,-58.2,-10,-75.2,-2.5,-71.7C4.9,-68.2,9.8,-44.2,25.2,-33.9Z
        ;M47.6,-59.2C61.6,-55.3,72.8,-41.3,75.5,-26.2C78.2,-11,72.3,5.3,63.8,17.3C55.2,29.4,43.9,37.1,32.8,45.1C21.8,53,10.9,61.1,-4.2,66.9C-19.3,72.7,-38.6,76.2,-48.1,67.7C-57.7,59.3,-57.5,39,-58,22.4C-58.5,5.9,-59.6,-6.9,-56.9,-19.5C-54.3,-32.1,-47.8,-44.5,-37.7,-49.7C-27.6,-54.9,-13.8,-52.9,1.5,-54.9C16.8,-57,33.5,-63.1,47.6,-59.2Z
        ;M17.2,-25.5C22.3,-20,26.5,-15,36.7,-6.5C46.9,2,63.1,13.9,65.3,25.5C67.4,37.1,55.4,48.5,42.2,57C29,65.6,14.5,71.5,-1.9,74.1C-18.3,76.7,-36.5,76,-41.5,64.8C-46.4,53.5,-38,31.5,-43.9,14.1C-49.8,-3.4,-70.1,-16.4,-72.5,-28.1C-75,-39.9,-59.6,-50.4,-44.6,-52.6C-29.5,-54.9,-14.7,-48.9,-4.3,-42.9C6.1,-37,12.1,-31,17.2,-25.5Z
        ;M48.6,-66.1C59.9,-58.6,64.1,-40.4,64.7,-24.4C65.4,-8.3,62.4,5.5,59.1,20.3C55.8,35,52,50.7,42.1,60.5C32.2,70.3,16.1,74.2,0.1,74.1C-15.9,74,-31.8,69.8,-44.3,60.9C-56.8,51.9,-65.8,38.1,-72,22.6C-78.2,7,-81.6,-10.3,-77.7,-26.1C-73.8,-41.9,-62.5,-56.2,-48.3,-62.8C-34.2,-69.4,-17.1,-68.3,0.8,-69.3C18.6,-70.4,37.2,-73.6,48.6,-66.1Z
        " />
      </path>
    </svg>

    <!-- 2-3 copy of 2-6 5 vertex -->
    <svg viewBox="0 0 1000 1000" xmlns="http://www.w3.org/2000/svg" >
      <path transform="translate(720, 510) rotate(-40) scale(0.95)" fill="#b3b3b3">
        <animate dur="5.5s" repeatCount="indefinite" attributeName="d"
        values="M53.5,-45.5C66.7,-26,73.2,-3.9,68.5,15.3C63.9,34.6,48.2,51,28.4,61.6C8.5,72.2,-15.4,76.9,-31.9,68.2C-48.4,59.5,-57.4,37.3,-59.6,16.8C-61.7,-3.8,-57,-22.7,-45.9,-41.6C-34.8,-60.6,-17.4,-79.5,1.4,-80.6C20.1,-81.7,40.2,-64.9,53.5,-45.5Z
        ;M36.2,-33.9C43.3,-20,42.9,-5.1,40.3,10.4C37.7,26,32.9,42.2,21.3,50C9.7,57.9,-8.8,57.3,-19,48.8C-29.2,40.3,-31.1,23.9,-38.4,5C-45.7,-13.9,-58.4,-35.3,-52.9,-48.8C-47.4,-62.3,-23.7,-67.9,-4.6,-64.3C14.6,-60.6,29.1,-47.7,36.2,-33.9Z
        ;M36.9,-17.4C51.6,-10.9,70.2,4.7,70.1,20.4C70,36.1,51.3,52,33,56C14.6,60,-3.4,52.2,-15.3,42.4C-27.2,32.6,-33,20.7,-42.4,3C-51.7,-14.7,-64.7,-38.3,-58.2,-43C-51.8,-47.6,-25.9,-33.4,-7.4,-27.5C11,-21.5,22.1,-24,36.9,-17.4Z
        ;M35,-34.4C43.3,-17.5,46.5,-3.1,43.8,10.4C41.1,23.9,32.4,36.5,19.8,43.4C7.3,50.2,-9,51.3,-24.6,45.8C-40.3,40.3,-55.4,28.2,-63.2,9.9C-70.9,-8.4,-71.4,-32.8,-59.6,-50.5C-47.9,-68.2,-23.9,-79.1,-5.3,-74.9C13.3,-70.7,26.7,-51.3,35,-34.4Z
        ;M53.5,-45.5C66.7,-26,73.2,-3.9,68.5,15.3C63.9,34.6,48.2,51,28.4,61.6C8.5,72.2,-15.4,76.9,-31.9,68.2C-48.4,59.5,-57.4,37.3,-59.6,16.8C-61.7,-3.8,-57,-22.7,-45.9,-41.6C-34.8,-60.6,-17.4,-79.5,1.4,-80.6C20.1,-81.7,40.2,-64.9,53.5,-45.5Z
        "/>
      </path>
    </svg>

    <!-- 2-4 7 vertex -->
    <svg viewBox="0 0 1000 1000" xmlns="http://www.w3.org/2000/svg" >
      <path transform="translate(630, 690) rotate(70) scale(0.8)" fill="#b8b8b8">
        <animate dur="5.5s" repeatCount="indefinite" attributeName="d"
        values="M43.9,-55.5C55.1,-42.9,61.3,-27.4,66.7,-9.8C72.1,7.7,76.7,27.3,69.5,40.4C62.3,53.5,43.3,60.1,25.9,62.8C8.6,65.4,-7.2,64.1,-23.3,60C-39.5,55.9,-56.1,48.9,-68.4,35.6C-80.7,22.3,-88.6,2.6,-86.2,-15.9C-83.8,-34.5,-71,-51.9,-54.9,-63.7C-38.8,-75.4,-19.4,-81.4,-1.5,-79.6C16.3,-77.7,32.7,-68,43.9,-55.5Z
        ;M49.8,-54.9C59,-51.7,57.1,-30.7,53.3,-15C49.4,0.8,43.6,11.3,36.6,19.1C29.7,26.8,21.5,31.8,14.2,31C6.9,30.1,0.4,23.4,-4.5,18.8C-9.5,14.2,-12.9,11.8,-17.9,8C-22.9,4.1,-29.7,-1.1,-35.7,-13.1C-41.7,-25.1,-47,-43.7,-40.9,-47.5C-34.9,-51.3,-17.4,-40.3,1.4,-42C20.3,-43.7,40.6,-58.2,49.8,-54.9Z
        ;M32,-33.2C45.1,-27,62.1,-20.5,71.8,-6.6C81.5,7.3,84,28.6,76.4,46.2C68.7,63.9,51.1,77.9,34,77C16.8,76.2,0.3,60.5,-19,53.1C-38.3,45.7,-60.2,46.6,-72.6,36.4C-85,26.3,-87.8,5.2,-80.2,-10C-72.6,-25.2,-54.5,-34.3,-39.4,-40.2C-24.3,-46,-12.2,-48.6,-1.4,-46.9C9.4,-45.3,18.8,-39.4,32,-33.2Z
        ;M36,-47.2C46.9,-33.7,56.2,-22.6,63,-7.6C69.8,7.4,74.1,26.3,66.2,36.6C58.3,46.8,38.2,48.3,20.1,54.6C1.9,61,-14.2,72.3,-31.3,72.1C-48.3,71.9,-66.3,60.3,-69.2,44.9C-72.1,29.6,-60,10.6,-50.7,-3.2C-41.5,-17,-35.1,-25.6,-27.1,-39.6C-19.2,-53.6,-9.6,-72.9,1.5,-74.7C12.5,-76.4,25,-60.6,36,-47.2Z
        ;M43.9,-55.5C55.1,-42.9,61.3,-27.4,66.7,-9.8C72.1,7.7,76.7,27.3,69.5,40.4C62.3,53.5,43.3,60.1,25.9,62.8C8.6,65.4,-7.2,64.1,-23.3,60C-39.5,55.9,-56.1,48.9,-68.4,35.6C-80.7,22.3,-88.6,2.6,-86.2,-15.9C-83.8,-34.5,-71,-51.9,-54.9,-63.7C-38.8,-75.4,-19.4,-81.4,-1.5,-79.6C16.3,-77.7,32.7,-68,43.9,-55.5Z
        " />
      </path>
    </svg>

    <!-- 2-5 copy of 2-2 -->
    <svg viewBox="0 0 1000 1000" xmlns="http://www.w3.org/2000/svg" >
      <path transform="translate(405, 715) rotate(90) scale(0.9)" fill="#c1c1c1" >
        <animate dur="5.5s" repeatCount="indefinite" attributeName="d"
        values="M48.6,-66.1C59.9,-58.6,64.1,-40.4,64.7,-24.4C65.4,-8.3,62.4,5.5,59.1,20.3C55.8,35,52,50.7,42.1,60.5C32.2,70.3,16.1,74.2,0.1,74.1C-15.9,74,-31.8,69.8,-44.3,60.9C-56.8,51.9,-65.8,38.1,-72,22.6C-78.2,7,-81.6,-10.3,-77.7,-26.1C-73.8,-41.9,-62.5,-56.2,-48.3,-62.8C-34.2,-69.4,-17.1,-68.3,0.8,-69.3C18.6,-70.4,37.2,-73.6,48.6,-66.1Z
        ;M47.6,-59.2C61.6,-55.3,72.8,-41.3,75.5,-26.2C78.2,-11,72.3,5.3,63.8,17.3C55.2,29.4,43.9,37.1,32.8,45.1C21.8,53,10.9,61.1,-4.2,66.9C-19.3,72.7,-38.6,76.2,-48.1,67.7C-57.7,59.3,-57.5,39,-58,22.4C-58.5,5.9,-59.6,-6.9,-56.9,-19.5C-54.3,-32.1,-47.8,-44.5,-37.7,-49.7C-27.6,-54.9,-13.8,-52.9,1.5,-54.9C16.8,-57,33.5,-63.1,47.6,-59.2Z
        ;M17.2,-25.5C22.3,-20,26.5,-15,36.7,-6.5C46.9,2,63.1,13.9,65.3,25.5C67.4,37.1,55.4,48.5,42.2,57C29,65.6,14.5,71.5,-1.9,74.1C-18.3,76.7,-36.5,76,-41.5,64.8C-46.4,53.5,-38,31.5,-43.9,14.1C-49.8,-3.4,-70.1,-16.4,-72.5,-28.1C-75,-39.9,-59.6,-50.4,-44.6,-52.6C-29.5,-54.9,-14.7,-48.9,-4.3,-42.9C6.1,-37,12.1,-31,17.2,-25.5Z
        ;M25.2,-33.9C40.5,-23.5,66.4,-26.7,68,-22C69.7,-17.3,47.3,-4.6,40.8,12.6C34.3,29.9,43.9,51.7,39.7,62C35.6,72.3,17.8,71.1,5.3,63.9C-7.3,56.7,-14.6,43.4,-28.3,36.2C-42,29,-62.1,27.8,-62.2,21.6C-62.2,15.4,-42.3,4.1,-33.6,-7.3C-24.9,-18.6,-27.4,-29.9,-23.7,-44.1C-20,-58.2,-10,-75.2,-2.5,-71.7C4.9,-68.2,9.8,-44.2,25.2,-33.9Z
        ;M48.6,-66.1C59.9,-58.6,64.1,-40.4,64.7,-24.4C65.4,-8.3,62.4,5.5,59.1,20.3C55.8,35,52,50.7,42.1,60.5C32.2,70.3,16.1,74.2,0.1,74.1C-15.9,74,-31.8,69.8,-44.3,60.9C-56.8,51.9,-65.8,38.1,-72,22.6C-78.2,7,-81.6,-10.3,-77.7,-26.1C-73.8,-41.9,-62.5,-56.2,-48.3,-62.8C-34.2,-69.4,-17.1,-68.3,0.8,-69.3C18.6,-70.4,37.2,-73.6,48.6,-66.1Z
        " />
      </path>
    </svg>

    <!-- 2-6 5 vertex -->
    <svg viewBox="0 0 1000 1000" xmlns="http://www.w3.org/2000/svg" >
      <path transform="translate(300, 530) rotate(-240) scale(0.95)" fill="#c8c8c8">
        <animate dur="5.5s" repeatCount="indefinite" attributeName="d"
        values="M53.5,-45.5C66.7,-26,73.2,-3.9,68.5,15.3C63.9,34.6,48.2,51,28.4,61.6C8.5,72.2,-15.4,76.9,-31.9,68.2C-48.4,59.5,-57.4,37.3,-59.6,16.8C-61.7,-3.8,-57,-22.7,-45.9,-41.6C-34.8,-60.6,-17.4,-79.5,1.4,-80.6C20.1,-81.7,40.2,-64.9,53.5,-45.5Z
        ;M36.2,-33.9C43.3,-20,42.9,-5.1,40.3,10.4C37.7,26,32.9,42.2,21.3,50C9.7,57.9,-8.8,57.3,-19,48.8C-29.2,40.3,-31.1,23.9,-38.4,5C-45.7,-13.9,-58.4,-35.3,-52.9,-48.8C-47.4,-62.3,-23.7,-67.9,-4.6,-64.3C14.6,-60.6,29.1,-47.7,36.2,-33.9Z
        ;M35,-34.4C43.3,-17.5,46.5,-3.1,43.8,10.4C41.1,23.9,32.4,36.5,19.8,43.4C7.3,50.2,-9,51.3,-24.6,45.8C-40.3,40.3,-55.4,28.2,-63.2,9.9C-70.9,-8.4,-71.4,-32.8,-59.6,-50.5C-47.9,-68.2,-23.9,-79.1,-5.3,-74.9C13.3,-70.7,26.7,-51.3,35,-34.4Z
        ;M36.9,-17.4C51.6,-10.9,70.2,4.7,70.1,20.4C70,36.1,51.3,52,33,56C14.6,60,-3.4,52.2,-15.3,42.4C-27.2,32.6,-33,20.7,-42.4,3C-51.7,-14.7,-64.7,-38.3,-58.2,-43C-51.8,-47.6,-25.9,-33.4,-7.4,-27.5C11,-21.5,22.1,-24,36.9,-17.4Z
        ;M53.5,-45.5C66.7,-26,73.2,-3.9,68.5,15.3C63.9,34.6,48.2,51,28.4,61.6C8.5,72.2,-15.4,76.9,-31.9,68.2C-48.4,59.5,-57.4,37.3,-59.6,16.8C-61.7,-3.8,-57,-22.7,-45.9,-41.6C-34.8,-60.6,-17.4,-79.5,1.4,-80.6C20.1,-81.7,40.2,-64.9,53.5,-45.5Z
        "/>
      </path>
    </svg>

    <!-- 3rd ring -->   
    <!-- 3-1 6 vertex -->
    
    <svg viewBox="0 0 1000 1000" xmlns="http://www.w3.org/2000/svg" >
      <path transform="translate(215 380) rotate(-70)" fill="#727272">
        <animate dur="6.2s" repeatCount="indefinite" attributeName="d"
        values="M53.2,-52.8C68.8,-37.6,81.2,-18.8,81.4,0.2C81.6,19.2,69.6,38.4,54,53.3C38.4,68.2,19.2,78.9,-1.5,80.3C-22.1,81.8,-44.2,74,-60,59.1C-75.8,44.2,-85.3,22.1,-83.8,1.5C-82.3,-19.1,-69.8,-38.2,-54,-53.5C-38.2,-68.8,-19.1,-80.2,-0.2,-80.1C18.8,-79.9,37.6,-68.1,53.2,-52.8Z
        ;M56.3,-56.4C68.7,-43.9,71.6,-22,68.5,-3.1C65.4,15.7,56.3,31.5,43.9,47.7C31.5,64,15.7,80.8,1.1,79.7C-13.6,78.7,-27.2,59.8,-41.8,43.5C-56.3,27.2,-71.8,13.6,-75.3,-3.5C-78.8,-20.6,-70.3,-41.2,-55.7,-53.7C-41.2,-66.1,-20.6,-70.5,0.7,-71.2C22,-71.8,43.9,-68.8,56.3,-56.4Z
        ;M51.2,-52.1C62.4,-40,64.7,-20,58,-6.7C51.3,6.5,35.4,13.1,24.2,24.6C13.1,36.2,6.5,52.7,-2.1,54.8C-10.8,56.9,-21.5,44.6,-31.6,33.1C-41.7,21.5,-51.2,10.8,-52,-0.8C-52.9,-12.4,-45.1,-24.9,-35,-36.9C-24.9,-49,-12.4,-60.6,3.8,-64.4C20,-68.2,40,-64.2,51.2,-52.1Z
        ;M42.2,-38.1C57.2,-27.2,73.6,-13.6,77.2,3.7C80.9,21,71.9,41.9,56.9,54.1C41.9,66.3,21,69.7,0.3,69.4C-20.4,69.2,-40.9,65.2,-44.7,53.1C-48.5,40.9,-35.7,20.4,-32.4,3.3C-29.2,-13.9,-35.4,-27.8,-31.6,-38.7C-27.8,-49.5,-13.9,-57.3,-0.1,-57.1C13.6,-57,27.2,-48.9,42.2,-38.1Z
        ;M53.2,-52.8C68.8,-37.6,81.2,-18.8,81.4,0.2C81.6,19.2,69.6,38.4,54,53.3C38.4,68.2,19.2,78.9,-1.5,80.3C-22.1,81.8,-44.2,74,-60,59.1C-75.8,44.2,-85.3,22.1,-83.8,1.5C-82.3,-19.1,-69.8,-38.2,-54,-53.5C-38.2,-68.8,-19.1,-80.2,-0.2,-80.1C18.8,-79.9,37.6,-68.1,53.2,-52.8Z"/>
      </path>
    </svg>

    <!-- 3-2 7 vertex -->
    <svg viewBox="0 0 1000 1000" xmlns="http://www.w3.org/2000/svg" >
      <path transform="translate(490, 220) rotate(-90) scale(1.1)" fill="#818181">
        <animate dur="6.2s" repeatCount="indefinite" attributeName="d"
        values="M51.7,-60.9C67,-48.7,79.4,-32.5,84.8,-13.3C90.1,5.9,88.3,27.9,77,41.6C65.7,55.4,44.9,60.7,25.3,66.7C5.7,72.6,-12.8,79.1,-26.5,73.7C-40.3,68.3,-49.3,51,-57.2,34.5C-65.1,17.9,-71.7,2,-71.5,-15C-71.3,-32,-64.3,-50.1,-51.2,-62.6C-38.2,-75.2,-19.1,-82.1,-0.5,-81.6C18.2,-81,36.3,-73,51.7,-60.9Z
        ;M54.5,-61.8C66.9,-54.5,70.6,-33.8,73.8,-13.4C77,7.1,79.6,27.3,72.3,43.5C65,59.7,47.8,71.9,30.6,73.6C13.4,75.3,-3.8,66.5,-21.3,59.7C-38.8,52.8,-56.5,47.8,-66,35.9C-75.5,24,-76.7,5.1,-70.4,-9.3C-64.1,-23.7,-50.3,-33.6,-37.4,-40.8C-24.4,-47.9,-12.2,-52.3,4.4,-57.6C21,-62.9,42.1,-69.1,54.5,-61.8Z
        ;M29.3,-34.5C38.7,-27,47.6,-18.5,50.9,-7.7C54.3,3,52.2,16,45,23.6C37.7,31.2,25.4,33.6,12.7,40.7C0,47.9,-13.1,59.9,-27.6,61C-42.1,62.1,-58,52.4,-63.8,38.6C-69.7,24.9,-65.4,7,-63.2,-12.1C-60.9,-31.2,-60.7,-51.7,-50.5,-59C-40.3,-66.3,-20.2,-60.5,-5.1,-54.4C10,-48.4,19.9,-42,29.3,-34.5Z
        ;M18.4,-34.1C21,-19.8,18.2,-11.3,26.1,0.3C33.9,11.8,52.3,26.3,53.7,37.9C55.2,49.5,39.8,58.1,22.6,66.1C5.4,74.1,-13.4,81.5,-24.4,74.3C-35.4,67.2,-38.6,45.6,-44.8,28.8C-51,12,-60.3,-0.2,-57.8,-9.4C-55.2,-18.6,-40.7,-24.9,-29.1,-37.6C-17.4,-50.3,-8.7,-69.4,-0.4,-68.9C7.9,-68.4,15.8,-48.4,18.4,-34.1Z
        ;M51.7,-60.9C67,-48.7,79.4,-32.5,84.8,-13.3C90.1,5.9,88.3,27.9,77,41.6C65.7,55.4,44.9,60.7,25.3,66.7C5.7,72.6,-12.8,79.1,-26.5,73.7C-40.3,68.3,-49.3,51,-57.2,34.5C-65.1,17.9,-71.7,2,-71.5,-15C-71.3,-32,-64.3,-50.1,-51.2,-62.6C-38.2,-75.2,-19.1,-82.1,-0.5,-81.6C18.2,-81,36.3,-73,51.7,-60.9Z
        "/>
      </path>
    </svg>

    <!-- 3-3 4 vertex -->
    <svg viewBox="0 0 1000 1000" xmlns="http://www.w3.org/2000/svg" >
      <path transform="translate(800, 355) rotate(180) scale(1.4)" fill="#717171">
        <animate dur="6.2s" repeatCount="indefinite" attributeName="d"
        values="M48.2,-32.8C58.2,-10.5,59.2,12.1,49.7,28.9C40.1,45.6,20.1,56.5,-1.4,57.3C-22.9,58.2,-45.9,49,-57.2,31.2C-68.5,13.4,-68.1,-12.9,-56.7,-36C-45.2,-59.2,-22.6,-79.3,-1.8,-78.3C19.1,-77.3,38.2,-55.2,48.2,-32.8Z
        ;M47.1,-26.6C55.2,-13.2,51.8,7.4,42.1,23.1C32.3,38.8,16.2,49.6,0.9,49.1C-14.3,48.5,-28.6,36.7,-37.4,21.5C-46.2,6.4,-49.5,-12,-42.3,-24.9C-35.2,-37.8,-17.6,-45.1,1,-45.6C19.5,-46.2,39,-40,47.1,-26.6Z
        ;M44.8,-27.8C55.1,-7.9,58.6,14,50,26.6C41.4,39.3,20.7,42.7,2.2,41.4C-16.3,40.1,-32.5,34.1,-42.6,20.6C-52.7,7.1,-56.7,-14,-48.6,-32.6C-40.5,-51.2,-20.2,-67.3,-1.5,-66.5C17.2,-65.6,34.4,-47.7,44.8,-27.8Z
        ;M48,-27.4C52,-20.9,37.7,-3.7,26.7,18.2C15.7,40.2,7.8,66.8,-5.9,70.1C-19.5,73.5,-39.1,53.7,-53.1,30.1C-67,6.4,-75.5,-21,-65.7,-30.9C-55.9,-40.7,-28,-33,-2.9,-31.3C22.1,-29.6,44.1,-33.9,48,-27.4Z
        ;M48.2,-32.8C58.2,-10.5,59.2,12.1,49.7,28.9C40.1,45.6,20.1,56.5,-1.4,57.3C-22.9,58.2,-45.9,49,-57.2,31.2C-68.5,13.4,-68.1,-12.9,-56.7,-36C-45.2,-59.2,-22.6,-79.3,-1.8,-78.3C19.1,-77.3,38.2,-55.2,48.2,-32.8Z
        "/>
      </path>
    </svg>

    <!-- 3-4 copy of 3-1 -->
    <svg viewBox="0 0 1000 1000" xmlns="http://www.w3.org/2000/svg" >
      <path transform="translate(800 680) rotate(20) scale(1.1)" fill="#757575">
        <animate dur="6.2s" repeatCount="indefinite" attributeName="d"
        values="M53.2,-52.8C68.8,-37.6,81.2,-18.8,81.4,0.2C81.6,19.2,69.6,38.4,54,53.3C38.4,68.2,19.2,78.9,-1.5,80.3C-22.1,81.8,-44.2,74,-60,59.1C-75.8,44.2,-85.3,22.1,-83.8,1.5C-82.3,-19.1,-69.8,-38.2,-54,-53.5C-38.2,-68.8,-19.1,-80.2,-0.2,-80.1C18.8,-79.9,37.6,-68.1,53.2,-52.8Z
        ;M56.3,-56.4C68.7,-43.9,71.6,-22,68.5,-3.1C65.4,15.7,56.3,31.5,43.9,47.7C31.5,64,15.7,80.8,1.1,79.7C-13.6,78.7,-27.2,59.8,-41.8,43.5C-56.3,27.2,-71.8,13.6,-75.3,-3.5C-78.8,-20.6,-70.3,-41.2,-55.7,-53.7C-41.2,-66.1,-20.6,-70.5,0.7,-71.2C22,-71.8,43.9,-68.8,56.3,-56.4Z
        ;M42.2,-38.1C57.2,-27.2,73.6,-13.6,77.2,3.7C80.9,21,71.9,41.9,56.9,54.1C41.9,66.3,21,69.7,0.3,69.4C-20.4,69.2,-40.9,65.2,-44.7,53.1C-48.5,40.9,-35.7,20.4,-32.4,3.3C-29.2,-13.9,-35.4,-27.8,-31.6,-38.7C-27.8,-49.5,-13.9,-57.3,-0.1,-57.1C13.6,-57,27.2,-48.9,42.2,-38.1Z
        ;M51.2,-52.1C62.4,-40,64.7,-20,58,-6.7C51.3,6.5,35.4,13.1,24.2,24.6C13.1,36.2,6.5,52.7,-2.1,54.8C-10.8,56.9,-21.5,44.6,-31.6,33.1C-41.7,21.5,-51.2,10.8,-52,-0.8C-52.9,-12.4,-45.1,-24.9,-35,-36.9C-24.9,-49,-12.4,-60.6,3.8,-64.4C20,-68.2,40,-64.2,51.2,-52.1Z
        ;M53.2,-52.8C68.8,-37.6,81.2,-18.8,81.4,0.2C81.6,19.2,69.6,38.4,54,53.3C38.4,68.2,19.2,78.9,-1.5,80.3C-22.1,81.8,-44.2,74,-60,59.1C-75.8,44.2,-85.3,22.1,-83.8,1.5C-82.3,-19.1,-69.8,-38.2,-54,-53.5C-38.2,-68.8,-19.1,-80.2,-0.2,-80.1C18.8,-79.9,37.6,-68.1,53.2,-52.8Z"/>
      </path>
    </svg>

    <!-- 3-5 copy of 3-2 -->
    <svg viewBox="0 0 1000 1000" xmlns="http://www.w3.org/2000/svg" >
      <path transform="translate(540, 830) rotate(90) scale(1.15)" fill="#898989">
        <animate dur="6.2s" repeatCount="indefinite" attributeName="d"
        values="M51.7,-60.9C67,-48.7,79.4,-32.5,84.8,-13.3C90.1,5.9,88.3,27.9,77,41.6C65.7,55.4,44.9,60.7,25.3,66.7C5.7,72.6,-12.8,79.1,-26.5,73.7C-40.3,68.3,-49.3,51,-57.2,34.5C-65.1,17.9,-71.7,2,-71.5,-15C-71.3,-32,-64.3,-50.1,-51.2,-62.6C-38.2,-75.2,-19.1,-82.1,-0.5,-81.6C18.2,-81,36.3,-73,51.7,-60.9Z
        ;M54.5,-61.8C66.9,-54.5,70.6,-33.8,73.8,-13.4C77,7.1,79.6,27.3,72.3,43.5C65,59.7,47.8,71.9,30.6,73.6C13.4,75.3,-3.8,66.5,-21.3,59.7C-38.8,52.8,-56.5,47.8,-66,35.9C-75.5,24,-76.7,5.1,-70.4,-9.3C-64.1,-23.7,-50.3,-33.6,-37.4,-40.8C-24.4,-47.9,-12.2,-52.3,4.4,-57.6C21,-62.9,42.1,-69.1,54.5,-61.8Z
        ;M29.3,-34.5C38.7,-27,47.6,-18.5,50.9,-7.7C54.3,3,52.2,16,45,23.6C37.7,31.2,25.4,33.6,12.7,40.7C0,47.9,-13.1,59.9,-27.6,61C-42.1,62.1,-58,52.4,-63.8,38.6C-69.7,24.9,-65.4,7,-63.2,-12.1C-60.9,-31.2,-60.7,-51.7,-50.5,-59C-40.3,-66.3,-20.2,-60.5,-5.1,-54.4C10,-48.4,19.9,-42,29.3,-34.5Z
        ;M18.4,-34.1C21,-19.8,18.2,-11.3,26.1,0.3C33.9,11.8,52.3,26.3,53.7,37.9C55.2,49.5,39.8,58.1,22.6,66.1C5.4,74.1,-13.4,81.5,-24.4,74.3C-35.4,67.2,-38.6,45.6,-44.8,28.8C-51,12,-60.3,-0.2,-57.8,-9.4C-55.2,-18.6,-40.7,-24.9,-29.1,-37.6C-17.4,-50.3,-8.7,-69.4,-0.4,-68.9C7.9,-68.4,15.8,-48.4,18.4,-34.1Z
        ;M51.7,-60.9C67,-48.7,79.4,-32.5,84.8,-13.3C90.1,5.9,88.3,27.9,77,41.6C65.7,55.4,44.9,60.7,25.3,66.7C5.7,72.6,-12.8,79.1,-26.5,73.7C-40.3,68.3,-49.3,51,-57.2,34.5C-65.1,17.9,-71.7,2,-71.5,-15C-71.3,-32,-64.3,-50.1,-51.2,-62.6C-38.2,-75.2,-19.1,-82.1,-0.5,-81.6C18.2,-81,36.3,-73,51.7,-60.9Z
        "/>
      </path>
    </svg>

    <!-- 3-6 copy of 3-3 -->
    <svg viewBox="0 0 1000 1000" xmlns="http://www.w3.org/2000/svg" >
      <path transform="translate(230, 680) rotate(0) scale(1.4)" fill="#858585">
        <animate dur="6.2s" repeatCount="indefinite" attributeName="d"
        values="M48.2,-32.8C58.2,-10.5,59.2,12.1,49.7,28.9C40.1,45.6,20.1,56.5,-1.4,57.3C-22.9,58.2,-45.9,49,-57.2,31.2C-68.5,13.4,-68.1,-12.9,-56.7,-36C-45.2,-59.2,-22.6,-79.3,-1.8,-78.3C19.1,-77.3,38.2,-55.2,48.2,-32.8Z
        ;M44.8,-27.8C55.1,-7.9,58.6,14,50,26.6C41.4,39.3,20.7,42.7,2.2,41.4C-16.3,40.1,-32.5,34.1,-42.6,20.6C-52.7,7.1,-56.7,-14,-48.6,-32.6C-40.5,-51.2,-20.2,-67.3,-1.5,-66.5C17.2,-65.6,34.4,-47.7,44.8,-27.8Z
        ;M48,-27.4C52,-20.9,37.7,-3.7,26.7,18.2C15.7,40.2,7.8,66.8,-5.9,70.1C-19.5,73.5,-39.1,53.7,-53.1,30.1C-67,6.4,-75.5,-21,-65.7,-30.9C-55.9,-40.7,-28,-33,-2.9,-31.3C22.1,-29.6,44.1,-33.9,48,-27.4Z
        ;M47.1,-26.6C55.2,-13.2,51.8,7.4,42.1,23.1C32.3,38.8,16.2,49.6,0.9,49.1C-14.3,48.5,-28.6,36.7,-37.4,21.5C-46.2,6.4,-49.5,-12,-42.3,-24.9C-35.2,-37.8,-17.6,-45.1,1,-45.6C19.5,-46.2,39,-40,47.1,-26.6Z
        ;M48.2,-32.8C58.2,-10.5,59.2,12.1,49.7,28.9C40.1,45.6,20.1,56.5,-1.4,57.3C-22.9,58.2,-45.9,49,-57.2,31.2C-68.5,13.4,-68.1,-12.9,-56.7,-36C-45.2,-59.2,-22.6,-79.3,-1.8,-78.3C19.1,-77.3,38.2,-55.2,48.2,-32.8Z
        "/>
      </path>
    </svg>

    <!-- 4 ring -->
    <!-- 401 6 vertex -->
    <svg viewBox="0 0 1000 1000" xmlns="http://www.w3.org/2000/svg" >
      <path transform="translate(290, 170) rotate(40) scale(1.2)" fill="#454545">
        <animate dur="10s" repeatCount="indefinite" attributeName="d"
        values="M57,-58C69.9,-44.2,73.5,-22.1,72.1,-1.3C70.8,19.4,64.5,38.8,51.7,51.4C38.8,63.9,19.4,69.6,-1.9,71.4C-23.2,73.3,-46.4,71.5,-61.5,58.9C-76.6,46.4,-83.5,23.2,-83.1,0.4C-82.6,-22.3,-74.8,-44.6,-59.7,-58.4C-44.6,-72.2,-22.3,-77.6,-0.1,-77.5C22.1,-77.4,44.2,-71.8,57,-58Z
        ;M34.7,-41.2C44.9,-24.6,52.8,-12.3,58.4,5.6C64,23.5,67.3,47,57.1,61.5C47,76,23.5,81.5,1.4,80.1C-20.6,78.6,-41.2,70.2,-56.2,55.7C-71.3,41.2,-80.7,20.6,-77.9,2.9C-75,-14.9,-59.9,-29.8,-44.8,-46.4C-29.8,-62.9,-14.9,-81.1,-1.3,-79.8C12.3,-78.5,24.6,-57.7,34.7,-41.2Z
        ;M29.4,-29.4C38,-20.9,44.6,-10.4,47.3,2.6C49.9,15.7,48.6,31.5,40,46.5C31.5,61.5,15.7,75.9,2.5,73.4C-10.7,70.9,-21.4,51.5,-36.3,36.5C-51.3,21.4,-70.4,10.7,-68.1,2.2C-65.9,-6.3,-42.3,-12.5,-27.4,-21C-12.5,-29.5,-6.3,-40.2,2.1,-42.3C10.4,-44.4,20.9,-37.9,29.4,-29.4Z
        ;M57,-58C69.9,-44.2,73.5,-22.1,72.1,-1.3C70.8,19.4,64.5,38.8,51.7,51.4C38.8,63.9,19.4,69.6,-1.9,71.4C-23.2,73.3,-46.4,71.5,-61.5,58.9C-76.6,46.4,-83.5,23.2,-83.1,0.4C-82.6,-22.3,-74.8,-44.6,-59.7,-58.4C-44.6,-72.2,-22.3,-77.6,-0.1,-77.5C22.1,-77.4,44.2,-71.8,57,-58Z
        "/>
      </path>
    </svg>

    <!-- 402 7 vertex -->
    <svg viewBox="0 0 1000 1000" xmlns="http://www.w3.org/2000/svg" >
      <path transform="translate(710, 150) rotate(210) scale(1.2)" fill="#494949" >
        <animate dur="10s" repeatCount="indefinite" attributeName="d"
        values="M50.8,-62C65.3,-48.3,76.3,-31.8,80.5,-13.4C84.6,5,81.9,25.3,71,37.9C60.1,50.5,41,55.4,23.8,58.7C6.6,62.1,-8.7,64,-26,61.8C-43.2,59.6,-62.5,53.4,-72.5,40C-82.4,26.6,-83,5.9,-77.5,-11.7C-72,-29.2,-60.5,-43.7,-46.5,-57.6C-32.6,-71.4,-16.3,-84.5,0.9,-85.6C18.1,-86.7,36.2,-75.7,50.8,-62Z
        ;M43,-53.4C53.8,-42.1,59.5,-26.8,64.5,-9.7C69.5,7.4,73.8,26.2,65.8,36C57.8,45.8,37.5,46.6,19,54.1C0.6,61.7,-16.1,75.9,-28.5,73.5C-40.9,71.1,-49,52,-59.6,34.2C-70.1,16.3,-83.2,-0.3,-84.1,-18.2C-85,-36.1,-73.7,-55.3,-57.7,-65.7C-41.6,-76.1,-20.8,-77.7,-2.4,-74.9C16,-72,32.1,-64.7,43,-53.4Z
        ;M18.1,-21C25.4,-15.5,34.5,-11.6,40.7,-3.2C47,5.2,50.3,18.1,47.7,32.2C45.1,46.3,36.6,61.6,22.8,69.6C9.1,77.5,-9.7,78.1,-27.7,72.9C-45.8,67.8,-62.9,57,-63.2,43C-63.4,29.1,-46.7,11.9,-41.6,-5.7C-36.5,-23.2,-43,-41.1,-38,-47C-33,-52.8,-16.5,-46.6,-5.5,-40C5.4,-33.4,10.9,-26.4,18.1,-21Z
        ;M50.8,-62C65.3,-48.3,76.3,-31.8,80.5,-13.4C84.6,5,81.9,25.3,71,37.9C60.1,50.5,41,55.4,23.8,58.7C6.6,62.1,-8.7,64,-26,61.8C-43.2,59.6,-62.5,53.4,-72.5,40C-82.4,26.6,-83,5.9,-77.5,-11.7C-72,-29.2,-60.5,-43.7,-46.5,-57.6C-32.6,-71.4,-16.3,-84.5,0.9,-85.6C18.1,-86.7,36.2,-75.7,50.8,-62Z
        "/>
      </path>
    </svg>

    <!-- 403 8 vertex -->
    <svg viewBox="0 0 1000 1000" xmlns="http://www.w3.org/2000/svg" >
      <path transform="translate(930, 510) rotate(0) scale(1.4)" fill="#484848">
        <animate dur="10s" repeatCount="indefinite" attributeName="d"
        values="M46.8,-61C62.3,-53.2,77.7,-41.7,84.3,-26.2C90.9,-10.7,88.9,8.7,81.7,25.3C74.6,41.8,62.4,55.5,48,59.6C33.5,63.7,16.7,58.3,0.2,58C-16.2,57.7,-32.5,62.4,-42.1,56.7C-51.6,50.9,-54.5,34.8,-57,20.2C-59.4,5.5,-61.5,-7.6,-57.3,-18C-53,-28.4,-42.4,-36.1,-31.8,-45.5C-21.2,-54.9,-10.6,-66,2.5,-69.5C15.7,-73,31.3,-68.8,46.8,-61Z
        ;M45.2,-60.9C52.9,-56.7,49.4,-35.8,49.3,-19.9C49.1,-4,52.2,7,49.1,15.7C45.9,24.5,36.6,31.1,27.4,42.3C18.2,53.5,9.1,69.3,0.5,68.6C-8.1,67.9,-16.2,50.7,-29,40.6C-41.8,30.6,-59.3,27.8,-66.4,18.6C-73.5,9.4,-70.2,-6.2,-64.5,-20.2C-58.9,-34.2,-51,-46.7,-39.8,-49.8C-28.7,-53,-14.3,-46.7,2.2,-49.8C18.8,-52.8,37.5,-65.2,45.2,-60.9Z
        ;M41.6,-59.8C44.8,-55,32,-30.6,34.9,-13.3C37.8,4,56.5,14.2,56.7,19.9C56.8,25.5,38.5,26.6,25.9,32.9C13.4,39.1,6.7,50.6,-2.6,54.2C-11.9,57.8,-23.8,53.5,-31.7,45.7C-39.6,37.9,-43.6,26.7,-52.5,13.6C-61.4,0.6,-75.3,-14.2,-70,-20.3C-64.6,-26.3,-39.9,-23.7,-25,-24.7C-10.2,-25.8,-5.1,-30.5,7.1,-40.3C19.2,-50,38.5,-64.7,41.6,-59.8Z
        ;M46.8,-61C62.3,-53.2,77.7,-41.7,84.3,-26.2C90.9,-10.7,88.9,8.7,81.7,25.3C74.6,41.8,62.4,55.5,48,59.6C33.5,63.7,16.7,58.3,0.2,58C-16.2,57.7,-32.5,62.4,-42.1,56.7C-51.6,50.9,-54.5,34.8,-57,20.2C-59.4,5.5,-61.5,-7.6,-57.3,-18C-53,-28.4,-42.4,-36.1,-31.8,-45.5C-21.2,-54.9,-10.6,-66,2.5,-69.5C15.7,-73,31.3,-68.8,46.8,-61Z
        "/>
      </path>
    </svg>

    <!-- 404 copy of 401 -->
    <svg viewBox="0 0 1000 1000" xmlns="http://www.w3.org/2000/svg" >
      <path transform="translate(740, 880) rotate(-40) scale(1.2)" fill="#454545">
        <animate dur="10s" repeatCount="indefinite" attributeName="d"
        values="M57,-58C69.9,-44.2,73.5,-22.1,72.1,-1.3C70.8,19.4,64.5,38.8,51.7,51.4C38.8,63.9,19.4,69.6,-1.9,71.4C-23.2,73.3,-46.4,71.5,-61.5,58.9C-76.6,46.4,-83.5,23.2,-83.1,0.4C-82.6,-22.3,-74.8,-44.6,-59.7,-58.4C-44.6,-72.2,-22.3,-77.6,-0.1,-77.5C22.1,-77.4,44.2,-71.8,57,-58Z
        ;M34.7,-41.2C44.9,-24.6,52.8,-12.3,58.4,5.6C64,23.5,67.3,47,57.1,61.5C47,76,23.5,81.5,1.4,80.1C-20.6,78.6,-41.2,70.2,-56.2,55.7C-71.3,41.2,-80.7,20.6,-77.9,2.9C-75,-14.9,-59.9,-29.8,-44.8,-46.4C-29.8,-62.9,-14.9,-81.1,-1.3,-79.8C12.3,-78.5,24.6,-57.7,34.7,-41.2Z
        ;M29.4,-29.4C38,-20.9,44.6,-10.4,47.3,2.6C49.9,15.7,48.6,31.5,40,46.5C31.5,61.5,15.7,75.9,2.5,73.4C-10.7,70.9,-21.4,51.5,-36.3,36.5C-51.3,21.4,-70.4,10.7,-68.1,2.2C-65.9,-6.3,-42.3,-12.5,-27.4,-21C-12.5,-29.5,-6.3,-40.2,2.1,-42.3C10.4,-44.4,20.9,-37.9,29.4,-29.4Z
        ;M57,-58C69.9,-44.2,73.5,-22.1,72.1,-1.3C70.8,19.4,64.5,38.8,51.7,51.4C38.8,63.9,19.4,69.6,-1.9,71.4C-23.2,73.3,-46.4,71.5,-61.5,58.9C-76.6,46.4,-83.5,23.2,-83.1,0.4C-82.6,-22.3,-74.8,-44.6,-59.7,-58.4C-44.6,-72.2,-22.3,-77.6,-0.1,-77.5C22.1,-77.4,44.2,-71.8,57,-58Z
        "/>
      </path>
    </svg>

    <!--  405 copy of 402 -->
    <svg viewBox="0 0 1000 1000" xmlns="http://www.w3.org/2000/svg" >
      <path transform="translate(310, 880) rotate(-210) scale(1.2)" fill="#424242">
        <animate dur="10s" repeatCount="indefinite" attributeName="d"
        values="M50.8,-62C65.3,-48.3,76.3,-31.8,80.5,-13.4C84.6,5,81.9,25.3,71,37.9C60.1,50.5,41,55.4,23.8,58.7C6.6,62.1,-8.7,64,-26,61.8C-43.2,59.6,-62.5,53.4,-72.5,40C-82.4,26.6,-83,5.9,-77.5,-11.7C-72,-29.2,-60.5,-43.7,-46.5,-57.6C-32.6,-71.4,-16.3,-84.5,0.9,-85.6C18.1,-86.7,36.2,-75.7,50.8,-62Z
        ;M18.1,-21C25.4,-15.5,34.5,-11.6,40.7,-3.2C47,5.2,50.3,18.1,47.7,32.2C45.1,46.3,36.6,61.6,22.8,69.6C9.1,77.5,-9.7,78.1,-27.7,72.9C-45.8,67.8,-62.9,57,-63.2,43C-63.4,29.1,-46.7,11.9,-41.6,-5.7C-36.5,-23.2,-43,-41.1,-38,-47C-33,-52.8,-16.5,-46.6,-5.5,-40C5.4,-33.4,10.9,-26.4,18.1,-21Z
        ;M43,-53.4C53.8,-42.1,59.5,-26.8,64.5,-9.7C69.5,7.4,73.8,26.2,65.8,36C57.8,45.8,37.5,46.6,19,54.1C0.6,61.7,-16.1,75.9,-28.5,73.5C-40.9,71.1,-49,52,-59.6,34.2C-70.1,16.3,-83.2,-0.3,-84.1,-18.2C-85,-36.1,-73.7,-55.3,-57.7,-65.7C-41.6,-76.1,-20.8,-77.7,-2.4,-74.9C16,-72,32.1,-64.7,43,-53.4Z
        ;M50.8,-62C65.3,-48.3,76.3,-31.8,80.5,-13.4C84.6,5,81.9,25.3,71,37.9C60.1,50.5,41,55.4,23.8,58.7C6.6,62.1,-8.7,64,-26,61.8C-43.2,59.6,-62.5,53.4,-72.5,40C-82.4,26.6,-83,5.9,-77.5,-11.7C-72,-29.2,-60.5,-43.7,-46.5,-57.6C-32.6,-71.4,-16.3,-84.5,0.9,-85.6C18.1,-86.7,36.2,-75.7,50.8,-62Z
        "/>
      </path>
    </svg>

    <!-- 406 copy of 403 8 vertex -->
    <svg viewBox="0 0 1000 1000" xmlns="http://www.w3.org/2000/svg" >
      <path transform="translate(70, 530) rotate(180) scale(1.4)" fill="#484848">
        <animate dur="10s" repeatCount="indefinite" attributeName="d"
        values="M46.8,-61C62.3,-53.2,77.7,-41.7,84.3,-26.2C90.9,-10.7,88.9,8.7,81.7,25.3C74.6,41.8,62.4,55.5,48,59.6C33.5,63.7,16.7,58.3,0.2,58C-16.2,57.7,-32.5,62.4,-42.1,56.7C-51.6,50.9,-54.5,34.8,-57,20.2C-59.4,5.5,-61.5,-7.6,-57.3,-18C-53,-28.4,-42.4,-36.1,-31.8,-45.5C-21.2,-54.9,-10.6,-66,2.5,-69.5C15.7,-73,31.3,-68.8,46.8,-61Z
        ;M41.6,-59.8C44.8,-55,32,-30.6,34.9,-13.3C37.8,4,56.5,14.2,56.7,19.9C56.8,25.5,38.5,26.6,25.9,32.9C13.4,39.1,6.7,50.6,-2.6,54.2C-11.9,57.8,-23.8,53.5,-31.7,45.7C-39.6,37.9,-43.6,26.7,-52.5,13.6C-61.4,0.6,-75.3,-14.2,-70,-20.3C-64.6,-26.3,-39.9,-23.7,-25,-24.7C-10.2,-25.8,-5.1,-30.5,7.1,-40.3C19.2,-50,38.5,-64.7,41.6,-59.8Z
        ;M45.2,-60.9C52.9,-56.7,49.4,-35.8,49.3,-19.9C49.1,-4,52.2,7,49.1,15.7C45.9,24.5,36.6,31.1,27.4,42.3C18.2,53.5,9.1,69.3,0.5,68.6C-8.1,67.9,-16.2,50.7,-29,40.6C-41.8,30.6,-59.3,27.8,-66.4,18.6C-73.5,9.4,-70.2,-6.2,-64.5,-20.2C-58.9,-34.2,-51,-46.7,-39.8,-49.8C-28.7,-53,-14.3,-46.7,2.2,-49.8C18.8,-52.8,37.5,-65.2,45.2,-60.9Z
        ;M46.8,-61C62.3,-53.2,77.7,-41.7,84.3,-26.2C90.9,-10.7,88.9,8.7,81.7,25.3C74.6,41.8,62.4,55.5,48,59.6C33.5,63.7,16.7,58.3,0.2,58C-16.2,57.7,-32.5,62.4,-42.1,56.7C-51.6,50.9,-54.5,34.8,-57,20.2C-59.4,5.5,-61.5,-7.6,-57.3,-18C-53,-28.4,-42.4,-36.1,-31.8,-45.5C-21.2,-54.9,-10.6,-66,2.5,-69.5C15.7,-73,31.3,-68.8,46.8,-61Z
        "/>
      </path>
    </svg>

</svg>
</div>

</body>
<script>
  function setSize() {
    const svgGroup = document.querySelector('.blobby')
    svgGroup.setAttribute("viewBox", `0 0 ${window.innerWidth} ${window.innerHeight}` )

    let path1 = svgGroup.querySelector('#path1-1')
    path1.setAttribute('transform', `translate( ${window.innerWidth/4}, 450)` )

    let path2 = svgGroup.querySelector('#path1-2')
    path2.setAttribute('transform', `translate( ${window.innerWidth/4}, 550)` )

    let path3 = svgGroup.querySelector('#path1-2')
    path3.setAttribute('transform', `translate( ${window.innerWidth/2}, 650)` )

    let svgCenter = svgGroup.querySelector('#center')
    svgCenter.setAttribute('x', `600` )
    svgCenter.setAttribute('y', `450` )

  }
  window.onload = setSize
  window.onresize = setSize
 </script>
</html>